0 1 20 930 191 35 1162
1 10001 20 171 152 34 365
2 20001 20 150 172 33 360
3 30001 20 147 198 37 388
4 40001 20 144 204 36 392
5 50001 20 168 220 35 433
6 60001 20 160 227 35 433
7 70001 20 139 248 35 436
8 80001 20 151 261 34 462
9 90001 20 129 280 33 459
10 100001 20 211 279 33 545
11 110001 20 129 300 34 482
12 120001 20 186 308 34 546
13 130001 20 248 295 36 599
14 140001 20 137 348 35 551
15 150001 20 240 309 35 612
16 160001 20 155 333 34 552
17 170001 20 345 328 35 738
18 180001 20 258 337 35 663
19 190001 20 181 354 38 604
20 200001 20 452 333 37 854
21 210001 20 355 345 37 772
22 220001 20 326 361 35 759
23 230001 20 242 372 36 687
24 240001 20 180 378 37 634
25 250001 20 585 337 36 996
26 260001 20 602 359 36 1033
27 270001 20 495 371 36 983
28 280001 20 422 367 36 912
29 290001 20 438 379 35 940
30 300001 20 339 385 34 848
31 310001 20 253 396 34 778
32 320001 20 182 396 36 711
33 330001 20 125 410 37 667
34 340001 20 907 349 34 1387
35 350001 20 846 351 35 1334
36 360001 20 802 374 30 1305
37 370001 20 806 362 33 1302
38 380001 20 837 364 34 1344
39 390001 20 743 375 34 1261
40 400001 20 685 383 34 1212
41 410001 20 628 393 34 1165
42 420001 20 583 394 34 1123
43 430001 20 566 401 34 1121
44 440001 20 493 409 35 1056
45 450001 20 435 418 33 1009
46 460001 20 349 433 32 932
47 470001 20 308 433 34 909
48 480001 20 217 432 34 814
49 490001 20 155 440 34 761
50 500001 20 1730 305 34 2199
51 510001 20 1818 318 37 2305
52 520001 20 1978 326 34 2519
53 530001 20 1778 328 36 2379
54 540001 20 1827 338 36 2422
55 550001 20 1874 326 34 2473
56 560001 20 1768 342 37 2379
57 570001 20 1835 340 36 2446
58 580001 20 1635 335 36 2245
59 590001 20 1795 342 35 2408
60 600001 20 1682 349 34 2300
61 610001 20 1753 346 34 2369
62 620001 20 1627 348 35 2257
63 630001 20 1697 356 35 2339
64 640001 20 1593 365 33 2237
65 650001 20 1628 381 37 2298
66 660001 20 1549 371 35 2213
67 670001 20 1517 375 38 2182
68 680001 20 1480 382 34 2169
69 690001 20 1432 374 36 2089
70 700001 20 1476 369 34 2141
71 710001 20 1367 382 34 2043
72 720001 20 1485 400 36 2184
73 730001 20 1333 400 34 2041
74 740001 20 1315 428 35 2039
75 750001 20 1297 405 32 2016
76 760001 20 1233 393 34 1931
77 770001 20 1348 412 34 2077
78 780001 20 1212 401 35 1926
79 790001 20 1165 453 37 1939
80 800001 20 1172 417 36 1925
81 810001 20 1138 427 34 1873
82 820001 20 1148 436 33 1930
83 830001 20 959 430 34 1718
84 840001 20 865 434 35 1620
85 850001 20 901 442 34 1694
86 860001 20 812 441 34 1615
87 870001 20 765 440 36 1533
88 880001 20 822 451 34 1621
89 890001 20 675 453 33 1455
90 900001 20 613 458 36 1404
91 910001 20 622 494 36 1455
92 920001 20 497 455 36 1292
93 930001 20 459 490 35 1292
94 940001 20 461 510 42 1327
95 950001 20 354 499 36 1300
96 960001 20 291 498 34 1144
97 970001 20 230 542 37 1136
98 980001 20 161 492 34 1045
99 990001 20 133 527 36 1057
